#Accession	NCBI-taxid (-1 = withdrawn)
2265129005	1144932
2500069000	349123
2501533205	469381
2501915963	656914
2502171150	240017
2502790017	679901
2502957028	439235
2503198000	536019
2503242012	345219
2503283022	198252
2503508007	688269
2503538010	700015
2503538027	509192
2503538034	743713
2503707007	755732
2503754000	687406
2503754015	641491
2503754046	688246
2503904014	690566
2503982034	452638
2503982039	679937
2503982046	573058
2504136002	693661
2504136006	880072
2504136012	715451
2504557006	546271
2504643023	311458
2504756004	760192
2504756006	747365
2504756013	2157
2504756058	697303
2504756061	903525
2504756063	903524
2505119043	580340
2505679005	694429
2505679006	157
2505679008	717231
2505679009	717773
2505679016	593907
2505679031	643560
2505679068	743718
2505679078	762570
2505679080	743722
2505679082	743720
2505679121	913338
2506210002	717774
2506210003	491952
2506381019	102897
2506381025	937775
2506485001	929562
2506485007	632516
2506520008	768490
2506520009	768493
2506520012	795359
2506520013	869212
2506520015	679936
2506520020	714943
2506520037	566546
2506520038	745277
2506520039	647171
2506520040	867845
2506520041	666685
2506520042	762569
2506520043	108010
2506520044	694430
2506783006	929713
2506783009	797302
2506783010	929563
2506783014	710421
2506783047	751944
2506783051	758602
2506783052	756883
2506783059	765912
2506783061	646529
2506783062	698948
2506783063	717772
2506783064	760154
2506783068	28892
2507149019	871963
2507149024	871968
2507262015	882800
2507262026	696369
2507262027	595536
2507262035	693972
2507262043	882090
2507262044	547146
2507262051	720554
2507262052	166318
2507262054	860575
2507525018	754520
2508501002	767817
2508501004	600773
2508501010	686340
2508501012	882083
2508501013	882082
2508501014	662478
2508501018	662477
2508501019	523841
2508501020	662479
2508501021	864051
2508501023	879212
2508501038	596152
2508501040	243261
2508501043	644897
2508501044	882081
2508501045	751945
2508501046	640081
2508501048	631362
2508501049	671065
2508501050	754519
2508501051	765911
2508501052	710687
2508501067	278956
2508501068	108007
2508501069	717605
2508501070	158190
2508501071	768491
2508501098	253245
2508501100	754762
2508501105	593750
2508501106	710685
2508501107	768671
2508501108	798128
2508501110	765873
2508501111	316274
2508501115	926554
2508501119	928724
2508501122	1041159
2508501123	1040987
2508501124	948106
2508501126	1040984
2508501127	1040985
2508501128	1040989
2509276007	633697
2509276011	935867
2509276013	935566
2509276015	935849
2509276019	1353531
2509276021	754764
2509276022	754035
2509276023	927658
2509276026	453852
2509276033	754522
2509276035	694433
2509276036	765914
2509276054	882086
2509276055	907348
2509276057	889378
2509276058	232259
2509276062	929556
2509276063	746697
2509276064	695939
2509276066	908937
2509276067	880074
2509601004	886293
2509601008	867904
2509601011	891968
2509601014	155920
2509601020	880526
2509601028	903818
2509601034	767434
2509601035	679935
2509601036	868129
2509601044	909663
2509601048	797303
2510065005	913025
2510065009	200415
2510065015	765913
2510065016	871738
2510065019	754523
2510065032	926560
2510065044	768704
2510065046	395964
2510065049	794903
2510065051	797299
2510065052	866499
2510065056	1041152
2510065057	1041157
2510065062	479430
2510065083	929712
2510065084	927661
2510065085	935948
2510065086	660470
2510065087	75309
2510436005	872330
2510461000	882084
2510461053	509191
2510461066	257501
2510461069	1125979
2510461076	754521
2510917000	1056818
2511231041	1265756
2511231042	1265757
2511231043	466038
2511231052	928722
2512047086	935557
2512047087	999549
2512564009	999552
2512564010	1068979
2512564091	694431
2512875013	932678
2512875016	935547
2512875023	1063
2512875026	935558
2513020028	818
2513020030	371601
2513020031	371601
2513020032	818
2513020035	371601
2513020047	768672
2513020048	926550
2513237078	385957
2513237084	1041143
2513237086	1041155
2513237087	1038858
2513237093	1041140
2513237096	1079466
2513237097	1037409
2513237099	1056820
2513237101	1038859
2513237103	1041145
2513237118	675631
2513237119	1111737
2513237122	1111738
2513237132	1189621
2513237137	398524
2513237140	1041153
2513237141	113395
2513237143	1041154
2513237145	1079479
2513237147	1040983
2513237153	1188263
2513237155	1111735
2513237156	1041149
2513237159	1041139
2513237161	1038866
2513237162	1041142
2513237164	1040982
2514885004	818
2514885006	371601
2515075009	936136
2515154008	512012
2515154010	1123308
2515154012	1122247
2515154015	1120948
2515154016	1121272
2515154021	1123399
2515154024	1123303
2515154025	1123312
2515154030	1122176
2515154032	1120984
2515154050	1144273
2515154059	1121370
2515154066	818
2515154070	1122179
2515154073	1121374
2515154076	1123393
2515154077	1121022
2515154079	1122214
2515154080	1123390
2515154081	1122223
2515154082	1046724
2515154084	1122967
2515154085	742767
2515154087	365528
2515154107	1041151
2515154108	1123311
2515154112	374
2515154118	765909
2515154123	667632
2515154139	1122618
2515154140	1122138
2515154141	1122611
2515154142	1123322
2515154143	1123244
2515154145	1121904
2515154146	1121373
2515154147	1122243
2515154152	1121104
2515154158	1121930
2515154159	1122987
2515154167	1123277
2515154190	1123501
2515154196	1122218
2515154197	1123320
2515154199	1121315
2515154212	1122134
2515154213	999628
2516143008	1125972
2516143104	1150674
2516143111	1156919
2516493012	1115834
2516493018	1157943
2516493019	979226
2516493021	1089548
2516493023	926561
2516493024	136993
2516493028	1050201
2516493029	1075768
2516493032	1050199
2516653042	1050198
2516653045	1189612
2516653047	935553
2516653049	1048339
2516653050	1101190
2516653053	684949
2516653055	1089552
2516653073	1069082
2516653074	935543
2516653075	675511
2516653077	935554
2516653080	1119528
2517093000	935550
2517093007	222534
2517093009	1089550
2517093010	1089551
2517093011	107635
2517093013	1089547
2517093014	1112273
2517093015	1090317
2517093016	387434
2517093017	928729
2517093018	1070842
2517093019	110663
2517093040	1131814
2517093041	998429
2517093047	1125863
2517093048	1090318
2517287006	244592
2517287016	882080
2517287017	983954
2517287019	999543
2517287023	999544
2517287024	1114856
2517287032	1101188
2517287033	1095552
2517434004	1229783
2517434006	1229781
2517434007	1131813
2517434008	999545
2517434009	1116369
2517434011	1122180
2517434012	1111106
2517434013	1089545
2517487020	886877
2517487022	935563
2509276052	754518
2515154113	1090946
2516653054	663932
2503982037	682795
2506520046	758820
2508501009	319017
2515154063	818
2513237091	1041156
2509276010	935568
2517287031	1117409
2506381023	880070
2515154154	1122619
2513237111	1111730
2516653046	928723
2515154210	983952
2508501114	754501
2501025505	588319
2512875024	935548
2503692001	96561
2504756059	857087
2509276044	755176
2506783046	743719
2507149015	316
2507149014	771875
2516653048	936455
2513237146	1079460
2516493031	1050202
2517093001	1038862
2516493030	1069081
2509887025	710111
2512564011	592678
2515154067	818
2508501066	675524
2517287025	1101189
2509601001	867902
2508501015	662480
2509887034	320502
2516653058	1078846
2509276016	935852
2505679104	868595
2517287020	1089544
2508501103	885272
2515154195	1123318
2513237120	1111731
2516653076	1112272
2509276065	937777
2511231049	299567
2509276059	880071
2517287029	935549
2513237148	1079467
2512875014	146907
2509276048	983594
2513237092	318996
2517093044	1114263
2506210005	929705
2515154078	1123392
2513237138	147710
2513020034	371601
2517093005	1120925
2508501136	768706
2503904012	760011
2516653079	1089549
2517287034	674036
2515154133	1123276
2515154132	1123310
2517287026	1089546
2509601041	929703
2513237139	1038864
2509276029	915438
2507525000	926564
2513237136	546899
2515154019	1120957
2510065050	765910
2515154156	1121367
2506520049	870187
2510065045	754502
2507262055	754500
2512564015	1101195
2510461022	797304
2515154111	1123400
2516143113	1123248
2517287022	1132855
2505313015	511437
2517093008	1069083
2513237160	1041150
2516653063	876269
2506520007	82996
2515154172	1123388
2506783048	931627
2510065076	1033991
2515154090	1000570
2512047018	1117110
2502422321	645990
2513237094	1038867
2515154086	1121865
2508501109	673860
2512875033	108010
2513237085	1041144
2508501042	319003
2517287021	1123518
2503982040	28211
2509601017	42422
2517487019	1132443
2508501017	662476
2513237095	1038861
2509276018	1040980
2517287028	1132444
2513237135	1056817
2504557012	869209
2517434010	1123058
2508501047	395493
2513237088	1079800
2510461079	1096769
2515154051	886379
2504643006	869210
2506783045	670307
2503508009	697281
2508501039	298655
2513237090	1040986
2506783060	710686
2510065060	1076524
2510065059	1040981
2509601019	706587
2516493027	1090319
2506783044	714314
2515154075	983920
2513237102	1038863
2505679089	590998
2501004205	398580
2509601029	867903
2514885005	371601
2517287015	1090320
2506520045	714315
2503538017	698762
2513237098	1038860
2513020033	371601
2517093006	1122974
2504136000	760142
2517287027	1125975
2517093043	1069080
2501416924	246198
2509601042	987045
2508501120	443254
2515154175	1122605
2515154134	1041138
2513237123	926551
2507262031	756499
2513237104	189753
2509276051	755731
2510461070	926566
2503982041	744985
2503113005	909943
2503283019	684719
2503707003	1353534
2515075013	1068980
2516653084	1090316
2513020036	1069448
2506381022	869211
2509276020	926556
2510065010	864702
2516653085	936350
2513237089	1041148
2515154214	1122995
2503754016	690850
2509601038	869213
2505313070	-1
2505313067	-1
2501799908	-1
2505313033	-1
2501025493	-1
2510461043	-1
2505313069	-1
2505313071	-1
2505313036	-1
2516493009	-1
2509601047	-1
2517287030	376171
2504756083	-1
2505313039	-1
2501799900	-1
2507262030	-1
2500868051	-1
2505313072	-1
2004170000	-1
2500168154	-1
2516653078	-1
2501416926	-1
2502376845	-1
2013515003	-1
2505313068	-1
2505313066	-1
2505313034	-1
2516493036	-1
2501779502	-1
2501939606	-1
2500104001	-1
2545555844	1162418
2505313035	-1
2561511127	880073
2505313037	-1
